nan
nan
nan
nan
nan
nan
nan
nan
nan
nan
nan
nan
nan
nan
nan
nan
nan
nan
nan
nan
nan
nan
nan
nan
nan
nan
nan
nan
nan
nan
nan
nan
nan
nan
nan
nan
nan
nan
nan
nan
nan
nan
nan
nan
nan
nan
nan
nan
nan
nan
nan
nan
nan
nan
nan
nan
nan
nan
nan
nan
nan
nan
nan
nan
nan
nan
nan
nan
nan
nan
nan
nan
nan
nan
nan
nan
nan
nan
nan
nan
nan
nan
nan
nan
nan
nan
nan
nan
nan
nan
nan
nan
nan
nan
nan
nan
nan
nan
nan
nan
nan
nan
nan
nan
nan
nan
nan
nan
nan
nan
nan
nan
nan
nan
nan
nan
nan
nan
nan
nan
nan
nan
nan
nan
nan
nan
nan
nan
nan
nan
nan
nan
nan
nan
nan
nan
nan
nan
nan
nan
nan
nan
nan
nan
nan
nan
nan
nan
nan
nan
nan
nan
nan
nan
nan
nan
nan
nan
nan
nan
nan
nan
nan
nan
nan
nan
nan
nan
nan
nan
nan
nan
nan
nan
nan
nan
nan
nan
nan
nan
nan
nan
nan
nan
nan
nan
nan
nan
nan
nan
nan
nan
nan
nan
nan
nan
nan
nan
nan
nan
nan
nan
nan
nan
nan
nan
nan
nan
nan
nan
nan
nan
nan
nan
nan
nan
nan
nan
nan
nan
nan
nan
nan
nan
nan
nan
nan
nan
nan
nan
nan
nan
nan
nan
nan
nan
nan
nan
nan
nan
nan
nan
5.779371685532630421e+06
4.912124844449909404e+06
4.588065165518717840e+06
6.244870727351162583e+06
5.200295695692714304e+06
5.335011097189813852e+06
5.107755760066482238e+06
5.924476905851768330e+06
5.056574807565502822e+06
5.828649375150363892e+06
6.383921891070082784e+06
5.352941393531252630e+06
5.096784981925906613e+06
5.398262843788407743e+06
5.810123162075544707e+06
5.358832761299971491e+06
6.012394259415190667e+06
5.361401710775529966e+06
5.234850982889419422e+06
5.097174838668780401e+06
5.447482089001549408e+06
5.029553307146647014e+06
4.959774535973520949e+06
5.252987731405547820e+06
5.204320415141159669e+06
5.299684256778350100e+06
5.480126744568588212e+06
5.445723877909195609e+06
5.200277495961541310e+06
5.323157565555606969e+06
5.362054867578192614e+06
5.559033369023034349e+06
7.500787401312063448e+06
8.104983837174395099e+06
5.504299822243937291e+06
6.001803914977858774e+06
6.291587578351149336e+06
5.590461921979324892e+06
6.063140019011675380e+06
5.656446950994921848e+06
5.461732824246776290e+06
6.204346445291931741e+06
6.969973683822713792e+06
5.678183397265466861e+06
5.956639101377596147e+06
5.977802003160981461e+06
5.212704791377417743e+06
6.819555755094955675e+06
5.426377948034108616e+06
5.511776522132188082e+06
5.655771173641921021e+06
6.687107335352258757e+06
5.512327784631378017e+06
5.746476844005889259e+06
6.232092032109946944e+06
6.125882962243539281e+06
6.224197106682932936e+06
5.702920946106380783e+06
5.828373072894360870e+06
6.685209190616630018e+06
5.797197076480867341e+06
6.483936182212020271e+06
5.480485949525604956e+06
5.549603088668084703e+06
5.422497491714388132e+06
6.310239284221819602e+06
6.732389351585441269e+06
7.070767724412272684e+06
5.632949559999563731e+06
6.157183725257544778e+06
5.492517025678212754e+06
6.296352387606402859e+06
6.317227075774179772e+06
5.995204239939970896e+06
6.287948038400578313e+06
6.756467593447245657e+06
6.477406528130486608e+06
5.941013705456253141e+06
5.482028909302942455e+06
5.941184663434973918e+06
6.644401936472183093e+06
6.188854633119335398e+06
7.729962057566080242e+06
6.702109830658227205e+06
6.939655471741794609e+06
6.755719179014218040e+06
6.522623424605200998e+06
6.099111394299365580e+06
6.261497322871896438e+06
7.641566317649408244e+06
6.325179944518289529e+06
5.621625413156562485e+06
5.889210971419503912e+06
5.972299707423380576e+06
7.022007510244631208e+06
6.082037524959866889e+06
6.159835945212929510e+06
6.412075213870771229e+06
6.558217405098610558e+06
6.722286464729914442e+06
6.427607396364731714e+06
6.214754730188601650e+06
5.946292946745199151e+06
5.777986672941018827e+06
6.253558249386457726e+06
5.921531000555271283e+06
7.249630232274437323e+06
5.983371561538994312e+06
6.558081174406094477e+06
6.207240511424132623e+06
6.682183864008956589e+06
7.029345066708879545e+06
7.204993463400722481e+06
6.727809030531849712e+06
7.079413188044147566e+06
6.192836914096209221e+06
6.421165128735222854e+06
7.065024893603805453e+06
7.355257821878384799e+06
7.448095849707129411e+06
7.255021846763562411e+06
6.472752637673200108e+06
8.309437599690538831e+06
7.969018507763294503e+06
6.597289185877293348e+06
6.999092735499894246e+06
7.918740064389804378e+06
7.126463922038048506e+06
7.135098509413826279e+06
6.864178860627000220e+06
7.129810210037925281e+06
7.212222217842554674e+06
6.154386357002705336e+06
8.772817537500770763e+06
6.279617168388429098e+06
6.691397880977035500e+06
7.680240930522600189e+06
7.462987554826501757e+06
7.700807037482615560e+06
7.679408587134128436e+06
7.131303582402567379e+06
7.190349334655225277e+06
6.135834965519035235e+06
6.009390640254676342e+06
6.639991978110264055e+06
6.648614649397838861e+06
7.193775784827322699e+06
6.928638553410754539e+06
7.208809074443864636e+06
7.201776741112404503e+06
9.808893058353064582e+06
6.805795202007478103e+06
6.644773996981945820e+06
8.053876302261806093e+06
7.461724710466720164e+06
7.043579257404070348e+06
8.512905904029246420e+06
5.673151555349068716e+06
6.813337095933223143e+06
6.031785466470642015e+06
9.576042908011039719e+06
6.980152167351279408e+06
6.241759523932928219e+06
7.442051511839074083e+06
7.345164079359977506e+06
7.129509379632570781e+06
7.917450057069397531e+06
7.736434179661692120e+06
7.531409229738844559e+06
8.037746109576651827e+06
7.360623588666900992e+06
6.491966576658208854e+06
7.556407381357002072e+06
9.645093688533740118e+06
7.780761461019109935e+06
7.174044853834044188e+06
7.732478279422070831e+06
8.064022631372714415e+06
8.100403955379873514e+06
9.841147891396936029e+06
7.243583569186999463e+06
6.868552162564086728e+06
9.743613767855774611e+06
8.165068201783842407e+06
7.442053698052255437e+06
8.251898624213662930e+06
7.778523818762027659e+06
7.919869102774004452e+06
7.690424819250131026e+06
6.920669643738799728e+06
7.529977627759177238e+06
7.111075228982073255e+06
7.085314812802587636e+06
9.509858704332502559e+06
9.319732636086983606e+06
8.177606036954254843e+06
7.620202537327627651e+06
9.022603210762493312e+06
7.235816868012201041e+06
7.678868650636620820e+06
6.990853090819166042e+06
8.319398083865382709e+06
7.361087589612864889e+06
6.987902782738620415e+06
7.896255417985742912e+06
7.332378768553880975e+06
7.827140797090335749e+06
8.142737115384072065e+06
8.185907591010981239e+06
8.342712776738798246e+06
5.944816958561331965e+06
8.075611692553245462e+06
7.925356375336700119e+06
7.178233565199236386e+06
6.416618776172637939e+06
7.790747166100787930e+06
8.758589678287964314e+06
7.446063386036219075e+06
9.029933831344325095e+06
7.256804133826367557e+06
6.497200100701459683e+06
9.547413462299583480e+06
8.318174458312484436e+06
1.195175058020298369e+07
8.601653203185277060e+06
9.254172760829981416e+06
7.875198662756402045e+06
8.099489025035802275e+06
8.801618573938813061e+06
8.068277702018857934e+06
8.582221655948763713e+06
9.963996608378395438e+06
8.060612121377632022e+06
8.350037995877317153e+06
8.236480806046718732e+06
8.954419690591763705e+06
8.675047240802243352e+06
8.474527893027484417e+06
8.493408944600364193e+06
8.430742978079346940e+06
8.877730737102426589e+06
8.422131748927561566e+06
5.913619833637055941e+06
9.713210541641559452e+06
7.588174611847839318e+06
8.454963205853408203e+06
9.574178010975480080e+06
1.405005713303470239e+07
6.846169067163703963e+06
1.114751080910118297e+07
8.118686599484069273e+06
1.136549097681859322e+07
1.205628715843546577e+07
1.160095711477110162e+07
9.622165848206611350e+06
9.426898643430959433e+06
9.224244973999397829e+06
9.244189997494319454e+06
1.412827588591405191e+07
8.771181651216950268e+06
9.389576283572800457e+06
1.125764702313990891e+07
7.821670747641128488e+06
1.337394107512536272e+07
9.508797572182456031e+06
8.379800067401470616e+06
9.013465910524692386e+06
9.307789725469177589e+06
9.252566180974617600e+06
8.961102381401976570e+06
9.614914487062003464e+06
9.791134603050526232e+06
9.375843869719132781e+06
7.209406334551316686e+06
9.469224261654693633e+06
8.413710296939911321e+06
8.189132259722662158e+06
8.518122496202588081e+06
8.065442569049776532e+06
8.036086834616673179e+06
1.136991024818369746e+07
1.003762489899646677e+07
1.016413512727075815e+07
9.268716268556343392e+06
8.194898393291995861e+06
7.988693310826837085e+06
7.500984396209211089e+06
7.297002943241454661e+06
7.722626599567202851e+06
8.080377920876703225e+06
7.447717205617889762e+06
7.933494652773038484e+06
7.894072564177131280e+06
1.019257013567505218e+07
9.510562570025848225e+06
9.240172980149358511e+06
9.927267023702947423e+06
1.031467936701340973e+07
9.914678931847166270e+06
9.864764282105693594e+06
8.908241899716870859e+06
8.433981036647118628e+06
1.007181750570672378e+07
9.898342976058816537e+06
9.333658600017357618e+06
8.044777703387672082e+06
9.156398407663766295e+06
9.166859349469548091e+06
9.786122093070514500e+06
9.593206067645303905e+06
9.507652322534250095e+06
1.008357686948726326e+07
1.198489652482101880e+07
9.225448538868762553e+06
1.002911678524161689e+07
7.901507741333124228e+06
7.861314334435206838e+06
8.958976610845403746e+06
1.031885611362273246e+07
8.699050476201463491e+06
9.021336308800932020e+06
9.267432918260702863e+06
9.045705329795947298e+06
8.997240390386922285e+06
1.057640855836159736e+07
1.030467294220757671e+07
1.015250825970173627e+07
1.032284139473506436e+07
1.062351754455961287e+07
9.562466813135642558e+06
9.490269919572018087e+06
1.038899505547483079e+07
9.369792137394050136e+06
9.894178533480489627e+06
9.731462534293780103e+06
1.038983237505864538e+07
8.718572549945957959e+06
7.852807094216362573e+06
9.479234144393445924e+06
9.737589024241119623e+06
9.399136599529361352e+06
1.103191227707679570e+07
8.035326939061659388e+06
7.652561571104633622e+06
8.692754806241281331e+06
8.174770828073478304e+06
1.040976380519406870e+07
8.856929055935828015e+06
9.582971698667149991e+06
1.004334054024408571e+07
1.022384537809898145e+07
9.672896779153842479e+06
1.019070711212809011e+07
1.171354872505489923e+07
9.173221250457480550e+06
9.378151074963819236e+06
1.001037576308884285e+07
9.816515892462881282e+06
9.913260467710196972e+06
9.207357878494247794e+06
9.599465083767917007e+06
9.538261527110854164e+06
1.211334325317100994e+07
1.007781779630874470e+07
1.030564661804819480e+07
1.013630263556882739e+07
1.006545749295572005e+07
9.940522530245678499e+06
1.056007118135933578e+07
9.772631042564522475e+06
1.061217065242952481e+07
1.153163520066067576e+07
1.011299992433411442e+07
1.057032407593691722e+07
1.120521482886543870e+07
1.589629907699129730e+07
1.626047731837315857e+07
1.112591798439744487e+07
1.095986356635991670e+07
1.053190049186575599e+07
1.090336715795705467e+07
1.211694586053729989e+07
1.142872056954045407e+07
1.449457065700131468e+07
1.485846118026156165e+07
1.430191318024980649e+07
1.456595075171825662e+07
1.546230139897992648e+07
1.410010893656967767e+07
1.663826588468142413e+07
1.535209385843673348e+07
1.256017820385436155e+07
1.080213512318670563e+07
9.943669197145318612e+06
1.588240517705805600e+07
1.617355374691820331e+07
1.629975855682406202e+07
1.558633626636180840e+07
1.570355128175123408e+07
1.333201234532967955e+07
1.094145821826316230e+07
1.434137598968728445e+07
1.415329304514956661e+07
1.212399624303177930e+07
1.287673153171212785e+07
8.671740122464263812e+06
9.285503811237538233e+06
9.337510800361376256e+06
1.001937326671284437e+07
9.739642395355129614e+06
8.678049376584175974e+06
8.926423338526559994e+06
9.301955316032066941e+06
9.243633824550772086e+06
9.933764368942039087e+06
9.290048457582408562e+06
1.026999561645220220e+07
1.129875265946035460e+07
1.060987778328557126e+07
9.570482296466065571e+06
1.179761474431592226e+07
9.385132347556151450e+06
8.289450911701560020e+06
8.054023736937968060e+06
7.282687525736367330e+06
7.576765388592773117e+06
8.050486861789606512e+06
8.209653128274715506e+06
8.916004334356993437e+06
8.480862401619797572e+06
9.788014092753864825e+06
1.063699064659747109e+07
9.792606131795950234e+06
1.029359182130934671e+07
1.163738337371352501e+07
1.178965497618108056e+07
9.797140572440424934e+06
1.630417183086212166e+07
1.668273282515118830e+07
1.690687044398237765e+07
2.089366092579073086e+07
8.673521730026545003e+06
1.515999680877042189e+07
1.584416395974178053e+07
1.212452369767953269e+07
1.025925283512309194e+07
1.549400142657124996e+07
1.536849419732861780e+07
1.489231047851566039e+07
1.664745125304700993e+07
1.159338457856380753e+07
1.028823472599394992e+07
1.389308719090261497e+07
1.239908117889364809e+07
1.185047043023123220e+07
1.137920275103596412e+07
8.454448582213781774e+06
9.547501540776269510e+06
9.139034577336430550e+06
1.007022437881597504e+07
9.982195920766174793e+06
1.044998623900177516e+07
1.011477402274767496e+07
1.042866586748370528e+07
1.035973486369119026e+07
nan
nan
nan
nan
nan
nan
nan
nan
nan
nan
nan
nan
nan
nan
nan
nan
nan
nan
nan
nan
nan
nan
nan
nan
nan
nan
nan
nan
nan
nan
nan
nan
nan
nan
nan
nan
nan
nan
nan
nan
nan
nan
nan
