nan
nan
nan
nan
nan
nan
nan
nan
nan
nan
nan
nan
nan
nan
nan
nan
nan
nan
nan
nan
nan
nan
nan
nan
nan
nan
nan
nan
nan
nan
nan
nan
nan
nan
nan
nan
nan
nan
nan
nan
nan
nan
nan
nan
nan
nan
nan
nan
nan
nan
nan
nan
nan
nan
nan
nan
nan
nan
nan
nan
nan
nan
nan
nan
nan
nan
nan
nan
nan
nan
nan
nan
nan
nan
nan
nan
nan
nan
nan
nan
nan
nan
nan
nan
nan
nan
nan
nan
nan
nan
nan
nan
nan
nan
nan
nan
nan
nan
nan
nan
nan
nan
nan
nan
nan
nan
nan
nan
nan
nan
nan
nan
nan
nan
nan
nan
nan
nan
nan
nan
nan
nan
nan
nan
nan
nan
nan
nan
nan
nan
nan
nan
nan
nan
nan
nan
nan
nan
nan
nan
nan
nan
nan
nan
nan
nan
nan
nan
nan
nan
nan
nan
nan
nan
nan
nan
nan
nan
nan
nan
nan
nan
nan
nan
nan
nan
nan
nan
nan
nan
nan
nan
nan
nan
nan
nan
nan
nan
nan
nan
nan
nan
nan
nan
nan
nan
nan
nan
nan
nan
nan
nan
nan
nan
nan
nan
nan
nan
nan
nan
nan
nan
nan
nan
nan
nan
nan
nan
nan
nan
nan
nan
nan
nan
nan
nan
nan
nan
nan
nan
nan
nan
nan
nan
nan
nan
nan
nan
nan
nan
nan
nan
nan
nan
nan
nan
nan
nan
nan
nan
nan
nan
-8.111557055185586451e-02
-3.411086289760027063e-02
1.529415089516901749e-01
-9.126778878071048484e-02
1.278704115081973243e-02
-2.176198513571335480e-02
7.403044973012339047e-02
-7.903633649460128918e-02
7.092867860368018418e-02
4.546728971445870848e-02
-8.784122917163633693e-02
-2.451321713140450914e-02
2.872572539629965338e-02
3.674572932014134180e-02
-4.040578222992779328e-02
5.747501979554315438e-02
-5.723617254484164585e-02
-1.194296998615084621e-02
-1.332518390859729028e-02
3.322130371197991316e-02
-3.988998471920317951e-02
-6.985331973180154523e-03
2.871046909302776493e-02
-4.653904769982268423e-03
9.078807999022298417e-03
1.673892870363792237e-02
-3.148758650298173149e-03
-2.305526491383622784e-02
1.167680219203540322e-02
3.640292812707112378e-03
1.803652687144150640e-02
1.486815222380120372e-01
3.871621764980647667e-02
-1.910963192490038876e-01
4.323827631803067728e-02
2.357231228913040863e-02
-5.900713141721250499e-02
4.056068668089025941e-02
-3.470199667083699591e-02
-1.751312990834532832e-02
6.365580105256042620e-02
5.811512328737031274e-02
-1.021326884442921579e-01
2.393295678937988266e-02
1.773262911770306666e-03
-6.837020215715113036e-02
1.335452268101554318e-01
-1.137665645458185160e-01
7.807402458157196821e-03
1.289402610424683453e-02
8.355718327445331439e-02
-9.629786454591650335e-02
2.079697331090929122e-02
4.054033441944217969e-02
-8.594374880588116425e-03
7.960607857657361550e-03
-4.370512291983601888e-02
1.087927569804965182e-02
6.847248850720887015e-02
-7.114110013199001492e-02
5.591821953768494335e-02
-8.386951092477723524e-02
6.266235830295574689e-03
-1.158443599951631403e-02
7.566365882580661228e-02
3.236694681351656028e-02
2.451456365842832885e-02
-1.131809006940819873e-01
4.446380312879974483e-02
-5.705440112064191077e-02
6.818595861468834674e-02
1.654937698563660464e-03
-2.615428485056534025e-02
2.383295361214532102e-02
3.591725135641806593e-02
-2.108687620518862743e-02
-4.319332190285448542e-02
-4.018060788465213640e-02
4.019497238744008938e-02
5.587481103521999004e-02
-3.549740479998427650e-02
1.107211524294350602e-01
-7.122000464441408107e-02
1.741311595807732565e-02
-1.343054114386150848e-02
-1.755458202633509643e-02
-3.355418540971943225e-02
1.313737310905615553e-02
9.926366090673847953e-02
-9.425147048721496668e-02
-5.889059964551530968e-02
2.324640445949630735e-02
7.004903359576299116e-03
8.078212906910427205e-02
-7.173128471090418901e-02
6.355107365111859613e-03
2.006371708056407105e-02
1.126745521639987285e-02
1.235412912337205578e-02
-2.240923550242652357e-02
-1.683646331638181948e-02
-2.207554731921670607e-02
-1.435536163105301070e-02
3.952705820537638637e-02
-2.727103202407945778e-02
1.008338754831137607e-01
-9.568945054684661888e-02
4.582480394953955538e-02
-2.748388733292967193e-02
3.684752233699851998e-02
2.531892719288075105e-02
1.233976530207550604e-02
-3.424899140547467413e-02
2.546523492895303234e-02
-6.679924407127953156e-02
1.810117152856916684e-02
4.774215429280392192e-02
2.012671554372326768e-02
6.271418618265112675e-03
-1.313150087820572250e-02
-5.698441578984447808e-02
1.242498528651660578e-01
-2.091224681752023792e-02
-9.417138170745052717e-02
2.955224058474387877e-02
6.164751550886868325e-02
-5.265971422298170584e-02
6.054446991540984521e-04
-1.935240238661233014e-02
1.898181769826861459e-02
5.746187523912086280e-03
-7.914018390802586567e-02
1.754133727256334541e-01
-1.656343586819803981e-01
3.174622117247104247e-02
6.880516985678281072e-02
-1.434656922110688279e-02
1.568337537206767468e-02
-1.391297161935618016e-03
-3.700733620756784664e-02
4.122830834863446675e-03
-7.913100594912232666e-02
-1.041103141009160071e-02
4.985234116802288867e-02
6.488770063917332406e-04
3.938345317016769126e-02
-1.877421417233725298e-02
1.981761690003349188e-02
-4.879977414845070916e-04
1.532635897336966646e-01
-1.807495758744027403e-01
-1.197133018263868073e-02
9.586610175713608517e-02
-3.816491486918893727e-02
-2.882707277205916532e-02
9.445106856578634746e-02
-2.001792504232974002e-01
9.131354477842446027e-02
-6.084423295034094292e-02
2.270820357901390807e-01
-1.567927128693215877e-01
-5.584613334735055723e-02
8.771620601661053729e-02
-6.552107926035875309e-03
-1.489876095224993736e-02
5.236544171940225867e-02
-1.156363971205052847e-02
-1.342854681078350584e-02
3.252179510080401015e-02
-4.397365007978657619e-02
-6.270719061501271729e-02
7.576968038293735441e-02
1.214246535049632592e-01
-1.069865559833067387e-01
-4.057000768926530276e-02
3.746235259529932804e-02
2.098846787797654587e-02
2.250703036813881969e-03
9.702304186857650670e-02
-1.520401024858224481e-01
-2.657509917362291599e-02
1.730696416911495783e-01
-8.814415090669555641e-02
-4.632593429921117584e-02
5.160235672517200084e-02
-2.952977734277124899e-02
9.003805976729664304e-03
-1.469826799354218352e-02
-5.268292375093341223e-02
4.216475377003757463e-02
-2.861149419211520342e-02
-1.814575121116298760e-03
1.460993396077774897e-01
-1.009719567505405584e-02
-6.527430373697018506e-02
-3.528359626626029893e-02
8.426467836385105603e-02
-1.098991374372799701e-01
2.970574083311664296e-02
-4.690038243010176411e-02
8.677486593054473119e-02
-6.111484772907198326e-02
-2.600773972176605858e-02
6.102814972787080211e-02
-3.702739474366418398e-02
3.263705201170927911e-02
1.976197438849656984e-02
2.643849284686904891e-03
9.486888938036912647e-03
-1.678313790138960537e-01
1.519778593803922384e-01
-9.390389167644877869e-03
-4.946657139653202334e-02
-5.602229210749506971e-02
9.671943381422225261e-02
5.848225347563305865e-02
-8.099687707238700796e-02
9.613199276565061180e-02
-1.088695416669567817e-01
-5.522784639094485692e-02
1.901082472083921449e-01
-6.880484479152734756e-02
1.792594750590461861e-01
-1.629947726578180323e-01
3.654379018700804754e-02
-8.050348515268886118e-02
1.404035976558102444e-02
4.154340446572914181e-02
-4.347038416383652848e-02
3.086657900647121061e-02
7.450440476522458833e-02
-1.055992124732533233e-01
1.763646610169141218e-02
-6.846354632138107292e-03
4.176272701278394700e-02
-1.584690285172619603e-02
-1.169237991087073054e-02
1.112748812867421153e-03
-3.702753721859461129e-03
2.582479347274932793e-02
-2.633541096310857907e-02
-1.749829369491446851e-01
2.431453222923180002e-01
-1.228246126504579927e-01
5.402861982829786081e-02
6.207809854400421490e-02
1.894613347172875994e-01
-3.447458884132197920e-01
2.390473639364505687e-01
-1.572092377849005629e-01
1.666379997112837352e-01
2.949375481347839972e-02
-1.924696039851337553e-02
-9.323751598746123082e-02
-1.025075036421725996e-02
-1.086548222395179730e-02
1.079952011402538544e-03
2.089675053023328510e-01
-2.339397877006773041e-01
3.405114668541554812e-02
9.047563983868822657e-02
-1.800890533287723694e-01
2.619537654261278048e-01
-1.689108791791250619e-01
-6.311268929671363936e-02
3.643167671485094544e-02
1.606460936914486104e-02
-2.975349436881619385e-03
-1.600247630368703891e-02
3.519657148729159191e-02
9.080679697873572653e-03
-2.166699012686809298e-02
-1.306243504611098172e-01
1.354918147547096441e-01
-5.902353225396657355e-02
-1.352648117036609268e-02
1.969145986495771453e-02
-2.729690059837099406e-02
-1.823164352724084263e-03
1.717934615439991042e-01
-6.223441138961398333e-02
6.262336950334880525e-03
-4.607758483177059466e-02
-6.148886676996200007e-02
-1.274161423713366346e-02
-3.148605954506648874e-02
-1.378440515514920556e-02
2.833782651646925624e-02
2.263818382426503045e-02
-4.074297008776981560e-02
3.158252104109352670e-02
-2.490723182883660281e-03
1.270825995537969988e-01
-3.461416901749192476e-02
-1.442021243129116767e-02
3.584693852781047074e-02
1.913908553221654180e-02
-1.977326365259809635e-02
-2.523561922423668818e-03
-5.095200913080184107e-02
-2.734717831791331696e-02
8.850396081590980457e-02
-8.686686809868367568e-03
-2.936170599860512404e-02
-7.416552756113906075e-02
6.462469177104106233e-02
5.709105850300726656e-04
3.267363213953388551e-02
-9.954732373863925052e-03
-4.479052373637831472e-03
2.939706035329101713e-02
8.615546809069847545e-02
-1.300991557500016660e-01
4.173910097915888712e-02
-1.186578326234644792e-01
-2.549886480017140959e-03
6.525822175021150917e-02
7.054109879537026617e-02
-8.517265713608927757e-02
1.818729108510398415e-02
1.345616024809505144e-02
-1.210756919220466223e-02
-2.686087968153229658e-03
8.067827169627675432e-02
-1.301348381531932351e-02
-7.438203778125531025e-03
8.318936570463822747e-03
1.435457831578021773e-02
-5.256373494708861671e-02
-3.789318803722549738e-03
4.520917332863785137e-02
-5.158226100277146092e-02
2.722109605779593836e-02
-8.290990272612940720e-03
3.272005324363361223e-02
-8.746202687623258476e-02
-5.224462140873000621e-02
9.383932496963859338e-02
1.344420342428695458e-02
-1.768601543261680634e-02
7.991639036295319909e-02
-1.571588473846195488e-01
-2.439878175504502089e-02
6.363861127694794839e-02
-3.070894862694222363e-02
1.202609062440447019e-01
-8.059684972666215919e-02
3.937345717818394042e-02
2.345671647189052217e-02
8.906260522904050833e-03
-2.769039245675229341e-02
2.606829736478549070e-02
6.952263634273982140e-02
-1.216237588471408143e-01
1.104661266625107940e-02
3.260818593417811467e-02
-9.777622937263537317e-03
4.903480580885155940e-03
-3.691839753477820646e-02
2.084919957296736681e-02
-3.198057841534422251e-03
1.189326034809800869e-01
-9.172685702760856319e-02
1.117713932764935643e-02
-8.284140635433945646e-03
-3.506879705648775596e-03
-6.244880908865828480e-03
3.022101017313182092e-02
-3.872776624192605932e-02
4.118458557637921097e-02
4.152242637653175833e-02
-6.554212016668969909e-02
2.211076670252857396e-02
2.915614422697494421e-02
1.730930701665377436e-01
1.132508547823093438e-02
-1.874857671924521352e-01
-7.518611811671833609e-03
-1.991288724995861001e-02
1.732969572201116526e-02
5.271773244808899278e-02
-2.922938252950409849e-02
1.182662363612944911e-01
1.239703364469144260e-02
-1.908576320492736192e-02
9.146418733672110821e-03
2.985024378919200194e-02
-4.607853172148738269e-02
8.257290643606118863e-02
-4.020498789549795116e-02
-1.000246647192219313e-01
-7.525124143561510992e-02
-4.138021899686209620e-02
2.299511684921306254e-01
9.082510074043759207e-03
3.886416289332908502e-03
-2.237408796587693136e-02
3.746098965973893979e-03
-8.167704153707784631e-02
-9.848423285016556783e-02
1.344753417856524580e-01
-6.600636221033922939e-03
-7.722626104476072728e-02
3.010853505795829319e-02
-1.951410511488817501e-01
3.417916975674506475e-02
2.792619251420587131e-03
3.522583820767446333e-02
-1.415712584785907419e-02
-5.763985150345320857e-02
1.410857149553778646e-02
2.060150190108061760e-02
-3.144763481989980552e-03
3.598666187290406465e-02
-3.348534014394118075e-02
5.009943511173602787e-02
4.769665025749513648e-02
-3.144308257766399023e-02
-5.150529934609063970e-02
1.042269905270119534e-01
-1.138890242279034931e-01
-6.199192477597388617e-02
-1.440496466173363591e-02
-5.029345587791284738e-02
1.979062516984209444e-02
3.031380473078637561e-02
9.788739001162765491e-03
4.124520227171077358e-02
-2.501266114991388193e-02
7.155074322915455642e-02
4.156554990696997853e-02
-4.133143321235550199e-02
2.494178792238502251e-02
6.127367982747730646e-02
6.499822990567674479e-03
-9.230246329302424502e-02
2.492990068039021290e-01
1.147609932598078059e-02
6.672827214876804816e-03
1.054691650444987833e-01
-4.133007645001273156e-01
2.721576786148878768e-01
2.206694630696787521e-02
-1.329930208961829785e-01
-8.333137439175881955e-02
2.032655189225688330e-01
-4.066658470270938415e-03
-1.573598996833919586e-02
5.564851090092205743e-02
-1.789630698120497354e-01
-5.964594458957642176e-02
1.490759056637757374e-01
-5.682323310104924613e-02
-2.262354197328658029e-02
-2.028731422598344450e-02
-1.474642323634596519e-01
6.071858610287806518e-02
-2.185889138886020974e-02
4.847609184743172789e-02
-4.389916864630778216e-03
2.289478013546220048e-02
-1.630032210380767330e-02
1.527941992252666512e-02
-3.315839668664077346e-03
nan
nan
nan
nan
nan
nan
nan
nan
nan
nan
nan
nan
nan
nan
nan
nan
nan
nan
nan
nan
nan
nan
nan
nan
nan
nan
nan
nan
nan
nan
nan
nan
nan
nan
nan
nan
nan
nan
nan
nan
nan
nan
nan
