0.000000000000000000e+00
0.000000000000000000e+00
0.000000000000000000e+00
0.000000000000000000e+00
0.000000000000000000e+00
0.000000000000000000e+00
0.000000000000000000e+00
0.000000000000000000e+00
0.000000000000000000e+00
0.000000000000000000e+00
0.000000000000000000e+00
0.000000000000000000e+00
0.000000000000000000e+00
0.000000000000000000e+00
0.000000000000000000e+00
0.000000000000000000e+00
0.000000000000000000e+00
0.000000000000000000e+00
0.000000000000000000e+00
0.000000000000000000e+00
0.000000000000000000e+00
0.000000000000000000e+00
0.000000000000000000e+00
0.000000000000000000e+00
0.000000000000000000e+00
0.000000000000000000e+00
0.000000000000000000e+00
0.000000000000000000e+00
0.000000000000000000e+00
0.000000000000000000e+00
0.000000000000000000e+00
0.000000000000000000e+00
0.000000000000000000e+00
0.000000000000000000e+00
0.000000000000000000e+00
0.000000000000000000e+00
0.000000000000000000e+00
0.000000000000000000e+00
0.000000000000000000e+00
0.000000000000000000e+00
0.000000000000000000e+00
0.000000000000000000e+00
0.000000000000000000e+00
0.000000000000000000e+00
0.000000000000000000e+00
0.000000000000000000e+00
0.000000000000000000e+00
0.000000000000000000e+00
0.000000000000000000e+00
0.000000000000000000e+00
0.000000000000000000e+00
0.000000000000000000e+00
0.000000000000000000e+00
0.000000000000000000e+00
0.000000000000000000e+00
0.000000000000000000e+00
0.000000000000000000e+00
0.000000000000000000e+00
0.000000000000000000e+00
0.000000000000000000e+00
0.000000000000000000e+00
0.000000000000000000e+00
0.000000000000000000e+00
0.000000000000000000e+00
0.000000000000000000e+00
0.000000000000000000e+00
0.000000000000000000e+00
0.000000000000000000e+00
0.000000000000000000e+00
0.000000000000000000e+00
0.000000000000000000e+00
0.000000000000000000e+00
0.000000000000000000e+00
0.000000000000000000e+00
0.000000000000000000e+00
0.000000000000000000e+00
0.000000000000000000e+00
0.000000000000000000e+00
0.000000000000000000e+00
0.000000000000000000e+00
0.000000000000000000e+00
0.000000000000000000e+00
0.000000000000000000e+00
0.000000000000000000e+00
0.000000000000000000e+00
0.000000000000000000e+00
0.000000000000000000e+00
0.000000000000000000e+00
0.000000000000000000e+00
0.000000000000000000e+00
0.000000000000000000e+00
0.000000000000000000e+00
0.000000000000000000e+00
0.000000000000000000e+00
0.000000000000000000e+00
0.000000000000000000e+00
0.000000000000000000e+00
0.000000000000000000e+00
0.000000000000000000e+00
0.000000000000000000e+00
0.000000000000000000e+00
0.000000000000000000e+00
0.000000000000000000e+00
0.000000000000000000e+00
0.000000000000000000e+00
0.000000000000000000e+00
0.000000000000000000e+00
0.000000000000000000e+00
0.000000000000000000e+00
0.000000000000000000e+00
0.000000000000000000e+00
0.000000000000000000e+00
0.000000000000000000e+00
0.000000000000000000e+00
0.000000000000000000e+00
0.000000000000000000e+00
0.000000000000000000e+00
0.000000000000000000e+00
0.000000000000000000e+00
0.000000000000000000e+00
0.000000000000000000e+00
0.000000000000000000e+00
0.000000000000000000e+00
0.000000000000000000e+00
0.000000000000000000e+00
0.000000000000000000e+00
0.000000000000000000e+00
0.000000000000000000e+00
0.000000000000000000e+00
0.000000000000000000e+00
0.000000000000000000e+00
0.000000000000000000e+00
0.000000000000000000e+00
0.000000000000000000e+00
0.000000000000000000e+00
0.000000000000000000e+00
0.000000000000000000e+00
0.000000000000000000e+00
0.000000000000000000e+00
0.000000000000000000e+00
0.000000000000000000e+00
0.000000000000000000e+00
0.000000000000000000e+00
0.000000000000000000e+00
0.000000000000000000e+00
0.000000000000000000e+00
0.000000000000000000e+00
0.000000000000000000e+00
0.000000000000000000e+00
0.000000000000000000e+00
0.000000000000000000e+00
0.000000000000000000e+00
0.000000000000000000e+00
0.000000000000000000e+00
0.000000000000000000e+00
0.000000000000000000e+00
0.000000000000000000e+00
0.000000000000000000e+00
0.000000000000000000e+00
0.000000000000000000e+00
0.000000000000000000e+00
0.000000000000000000e+00
0.000000000000000000e+00
0.000000000000000000e+00
0.000000000000000000e+00
0.000000000000000000e+00
0.000000000000000000e+00
0.000000000000000000e+00
0.000000000000000000e+00
0.000000000000000000e+00
0.000000000000000000e+00
0.000000000000000000e+00
0.000000000000000000e+00
0.000000000000000000e+00
0.000000000000000000e+00
0.000000000000000000e+00
0.000000000000000000e+00
0.000000000000000000e+00
0.000000000000000000e+00
1.773393432629151654e-174
5.011147619044628845e-169
1.159964471462421878e-163
2.199484181937140275e-158
3.416316083835320949e-153
4.346586141376139943e-148
4.529843120881202671e-143
3.866818592389639535e-138
2.703652477752355588e-133
1.548333568065070782e-128
7.262470794365819715e-124
2.789969820064733503e-119
8.778054009049904030e-115
2.261873693676049099e-110
4.773058942264448111e-106
8.248401459000922850e-102
1.167273621018904424e-97
1.352663762435367175e-93
1.283526246836733681e-89
9.972399860795883371e-86
6.343891892019332175e-82
3.304097491951238437e-78
1.408864861937025263e-74
4.917927138708419310e-71
1.405291030726275552e-67
3.286965802080635071e-64
6.292743970548138070e-61
9.859840088228451211e-58
1.264302706877949650e-54
1.326622374006236304e-51
1.138988093297785010e-48
8.000622262914390330e-46
4.597421071958483354e-43
2.160924450473665143e-40
8.306988163040196452e-38
2.611347267061469583e-35
6.711732402828348089e-33
1.410191844759342328e-30
2.421650373155996465e-28
3.398134678377608783e-26
3.895473283956643729e-24
3.647129207480132402e-22
2.787902125193062737e-20
1.739335375075468265e-18
8.852942205385650913e-17
3.674330913014953533e-15
1.242806039743757721e-13
3.423414980337648156e-12
7.673184204721027997e-11
1.397941952729596795e-09
2.067342906024203902e-08
2.477324266171407090e-07
2.399858493329723440e-06
1.873420141098138249e-05
1.173220531643340590e-04
5.855514058964303090e-04
2.305746290422992957e-03
7.045752055969427621e-03
1.621108451192019781e-02
2.629846220670332968e-02
2.441009899311097353e-02
-4.111359236677679385e-03
-5.181871665546775030e-02
-7.877242527332121991e-02
-5.077427772750964241e-02
9.772029261518364041e-03
4.279466195778121318e-02
2.632323202361495917e-02
-1.002669841426745423e-03
2.443810292409732965e-03
3.324724663572195538e-02
5.367417774348279269e-02
3.098445685120403137e-02
-2.603717512907354620e-02
-6.524263258386171771e-02
-4.455073934646282957e-02
1.620937589681064814e-02
5.747166231201093767e-02
4.545838724996478786e-02
-1.102716412060521234e-03
-3.984830703757863413e-02
-4.713754516823948776e-02
-3.296930891976323358e-02
-1.844432499443421705e-02
-7.869417563227280865e-03
7.442094110338515894e-03
2.647459549014107016e-02
3.380017965248067330e-02
1.502247333073189126e-02
-2.802718599681833581e-02
-7.031835833224757415e-02
-6.977330003710993656e-02
2.555656335989290109e-03
1.183993244783883986e-01
1.871041856601631803e-01
1.330434207278555214e-01
-1.055497286982194638e-02
-1.250609297878520487e-01
-1.375489441145105185e-01
-8.452767930069732261e-02
-3.503638422016358556e-02
-3.748185802994741245e-03
3.343922076293831536e-02
7.361704734968038677e-02
7.770858389766806262e-02
2.848294068828879921e-02
-3.412592098467143176e-02
-5.679928647109822731e-02
-3.483444625049111898e-02
-8.362266556413158747e-03
-4.358022096797503631e-03
-7.177029483687549782e-03
4.786742960672697722e-03
2.014823148063816377e-02
1.853164608190129362e-02
8.731791139552962100e-03
8.644481247228299331e-03
1.006396362284360524e-02
-1.360111188537044269e-03
-1.142206146247141951e-02
2.380858197680690846e-03
2.727369579156286097e-02
2.277378454405735997e-02
-2.671424084307161273e-02
-8.365089043321990991e-02
-8.737148386295678915e-02
-1.383611052332906627e-02
8.951887074689091062e-02
1.354471896676733289e-01
7.881674155456257214e-02
-3.339092299271399777e-02
-1.066473420736018252e-01
-9.217382094973920748e-02
-2.308173545165233959e-02
3.805809898324392232e-02
6.354898234597322615e-02
6.096380479235458810e-02
3.330935058559368611e-02
-2.449661387156037290e-02
-8.909301087110003958e-02
-1.070500678542960910e-01
-5.049461976380101302e-02
4.512601153498532747e-02
1.137965374713813815e-01
1.167872539028931705e-01
6.280089190001406085e-02
-1.125731161781221012e-02
-6.643631671014518791e-02
-7.615577289080184553e-02
-3.577508796574183081e-02
2.346742672846453825e-02
4.330564790837769518e-02
-3.547763205594370306e-03
-6.718821175235807630e-02
-7.117630122897257439e-02
-9.257630824848844808e-03
4.901083288025438051e-02
5.203039351151889091e-02
2.369276178484273909e-02
1.403679586461305945e-02
2.815888144376211405e-02
2.947034585719211092e-02
-4.729932424900828991e-03
-5.457385263328445868e-02
-7.971896418163687548e-02
-5.721092740406064081e-02
-6.073525227680252880e-04
4.925655520670950416e-02
5.556167339939571681e-02
1.860237328400818346e-02
-2.117425381776706639e-02
-2.170905292283095700e-02
1.735067025844527072e-02
5.463161234102554414e-02
4.880308787903439582e-02
-3.151699823924873634e-03
-6.383464778808542461e-02
-8.481582250107932985e-02
-4.554738865740030895e-02
2.434746915710821885e-02
6.661538792394453012e-02
5.232198506441805563e-02
1.295699618951174845e-02
-2.604590544709045608e-03
7.333697221028667723e-03
5.556759669008586033e-03
-1.662820474894137826e-02
-2.605001571700715085e-02
-8.679478667357777566e-03
6.038481492165546222e-03
-4.037607433291359738e-03
-2.184260962394476979e-02
-2.263319306053439284e-02
-6.345027324143583114e-03
7.995581946313265465e-03
4.094924561455853818e-03
-1.144951062244786710e-02
-8.846761225278249041e-03
2.862050775986635029e-02
7.391274176168539933e-02
8.268557749634958265e-02
4.012738616316194329e-02
-3.300562471708161361e-02
-1.017701728881074408e-01
-1.306003600183709701e-01
-9.854156837700220328e-02
-2.254165548454437062e-02
4.670038829948675030e-02
7.162684184670407850e-02
6.488409793443511431e-02
6.270288260340375897e-02
6.652228348664845914e-02
4.072746701194746022e-02
-2.028393991277910313e-02
-6.157638815629499357e-02
-3.846670752504822988e-02
1.361464253386765466e-02
2.045117572739235667e-02
-3.599537683704358976e-02
-9.114283181621485319e-02
-6.853456375968039471e-02
2.489669616054393519e-02
9.271022023903957576e-02
6.255460353740194268e-02
-2.118133457053637120e-02
-5.983348733318340218e-02
-2.430261054271190546e-02
3.315578046520853417e-02
6.043548333786848137e-02
4.724371519620955417e-02
4.686070723354786305e-03
-4.887444976902119431e-02
-7.848706108181463525e-02
-4.732846492850564801e-02
3.086687693237905039e-02
7.920554839123597479e-02
4.212197970982872741e-02
-3.370064130143188980e-02
-5.341420322771713025e-02
1.918644726746701612e-03
5.542033308518318213e-02
3.983533262890184834e-02
-1.784403750860050208e-02
-4.052730292128228773e-02
-8.176222896999554846e-03
2.517416298465102731e-02
2.023805248337395835e-02
-9.232662065430663478e-04
-1.030066395006169755e-02
-1.886213823765019171e-02
-4.484265087910960235e-02
-7.453349633345590641e-02
-7.200340707135709228e-02
-1.438926219973242493e-02
7.973338939030044648e-02
1.484171115496368265e-01
1.330080483383898615e-01
4.297995978254533223e-02
-4.936282701047484123e-02
-8.907852973553626041e-02
-8.119099720672304232e-02
-5.241927094834212403e-02
-1.789791964216840003e-02
7.276633657000541877e-03
8.545770016194435825e-03
-4.214605439517904450e-03
-2.361412017313047063e-03
2.606186321818770857e-02
6.109748196882515414e-02
6.793002746986578910e-02
2.731472165154564397e-02
-3.765572267064659640e-02
-7.359780736693742609e-02
-5.782534556249556423e-02
-2.793859057595100837e-02
-1.973026994367903242e-02
-9.245753125489759860e-03
3.589089437187994308e-02
8.123318778230931292e-02
5.947438017508009656e-02
-3.279836096397831247e-02
-1.120683860423986322e-01
-8.771198341405117560e-02
4.007313104660818054e-02
1.660866747115416486e-01
1.760328093522197102e-01
5.800293775668699525e-02
-9.069620373410411385e-02
-1.615929674797097482e-01
-1.258157724391124610e-01
-3.365382090759383438e-02
4.805303195074625555e-02
8.044859059004694224e-02
5.689344194125442455e-02
1.094692749266913678e-03
-3.987679628959701905e-02
-3.344700697879342266e-02
3.801260121874247555e-03
3.038648808371226251e-02
3.140467366044667752e-02
2.117751523948517567e-02
3.160632175552235967e-03
-3.767871374656533989e-02
-9.337937355838725473e-02
-1.167440715673070395e-01
-7.030368258475047649e-02
2.896455000089745435e-02
1.248762792657744647e-01
1.561244932910118011e-01
8.836777434816674159e-02
-3.777694007990184399e-02
-1.096121668926751669e-01
-5.187020469431805059e-02
7.650194162873766301e-02
1.366930835283326484e-01
5.824391799147053683e-02
-8.726416208789132545e-02
-1.610678963754106352e-01
-9.766806838511635225e-02
3.243193866979862672e-02
1.007913996556261127e-01
5.882785852384470049e-02
-1.842085200366738729e-02
-3.392277998970461006e-02
1.444888918028547353e-02
4.502615104395601975e-02
3.966717903341410167e-03
-6.711701116617574403e-02
-8.735411757467377580e-02
-3.617622872800804745e-02
3.605552497526595679e-02
7.793541953817562096e-02
7.404270582674424284e-02
2.973012390707300417e-02
-3.214996070971913589e-02
-6.986350964091167515e-02
-6.098354361610089369e-02
-3.408098426411389215e-02
-2.886357778830366677e-02
-3.536585350875091904e-02
-4.385869356008736952e-03
8.113630533114454813e-02
1.661181010608202557e-01
1.702855465379286282e-01
7.329910191994598589e-02
-6.260705912049299715e-02
-1.547545002078516696e-01
-1.662850732786567975e-01
-1.141499458102373521e-01
-4.038226517531291748e-02
1.332914525968068031e-02
2.553715760403419896e-02
1.218081615689455346e-02
1.450157186507061713e-02
5.065138167194373209e-02
8.852900760339239838e-02
8.695872512932931175e-02
5.108032112108129574e-02
1.856075043624390644e-02
1.269832414644560259e-03
-2.322575680226611830e-02
-6.101492758173344272e-02
-7.710627885375280488e-02
-4.092855138856851815e-02
1.922953301552861316e-02
3.759520005048079538e-02
-6.577347426254681606e-03
-5.761372252378839376e-02
-5.402385604641885691e-02
-3.148371670521857291e-03
4.236525048746090510e-02
6.004226217226572848e-02
7.152858438539631825e-02
8.565490006198224482e-02
6.743912881517594160e-02
-1.327450012608111241e-02
-1.204485073274275814e-01
-1.683326613971496688e-01
-1.073967132625444493e-01
1.555040995331745737e-02
9.708574559980584495e-02
8.100790693610285254e-02
7.416932886030014327e-03
-4.476367395137689775e-02
-3.733950499228586711e-02
1.151035237092492766e-02
5.923314079757274753e-02
7.267512088636787770e-02
4.763018384846826048e-02
4.645718750488761484e-03
-3.281468636148496959e-02
-5.052241476957695238e-02
-4.255860774857721240e-02
-1.371318836119801710e-02
1.994245210201256793e-02
3.857654834420536083e-02
2.450900606452827146e-02
-2.553055010573317130e-02
-7.790721522648892672e-02
-7.349069245145387064e-02
7.290923389723785730e-03
1.024613666458868699e-01
1.197025377546096642e-01
3.015237784537870558e-02
-9.725371411320235526e-02
-1.556511353803999576e-01
-9.968212627406244919e-02
1.393150872151410757e-02
9.030117752739612313e-02
9.032807048735924660e-02
4.858195384358096613e-02
1.509836789871091267e-02
7.932964690501125710e-03
1.678602775938698582e-02
2.092446788335545343e-02
1.921651825634786148e-03
-3.475580769623164146e-02
-5.573505702381016669e-02
-4.145022159926312066e-02
-1.684588362520849508e-02
-1.370164620072934075e-02
-2.017351482921175485e-02
8.611363277414921247e-04
5.048256281932013423e-02
8.096532440091099014e-02
5.379812548368415742e-02
-1.040736019503163412e-02
-5.753049134880729165e-02
-6.064063821114487607e-02
-3.557558004172121924e-02
-8.985227757910885238e-03
4.646505509039326742e-03
-1.920876615142411148e-03
-2.688829988764050022e-02
-3.778363026496091293e-02
1.734575196106026562e-02
1.350652187247067260e-01
2.113283978677233943e-01
1.341947774239787283e-01
-7.007995308997437556e-02
-2.413766692018838866e-01
-2.534016935380362101e-01
-1.285226690532132454e-01
2.393015720809717195e-02
1.242907351479843187e-01
1.532913523416996882e-01
1.216664725735557145e-01
5.833576553830994299e-02
9.646484866130490554e-03
8.527667922576340903e-03
3.509810163178483933e-02
2.304481866646000687e-02
-7.391159543344472116e-02
-2.075905290648204227e-01
-2.477035803093738386e-01
-1.099192065612362157e-01
1.297807413240744390e-01
2.905851953980543856e-01
2.620584818527150750e-01
9.140249960629098780e-02
-8.955522291870518514e-02
-1.719310815312388163e-01
-1.204248895282803156e-01
1.117269425265202121e-02
1.054598693868441239e-01
7.477871492487456195e-02
-5.228123502239742648e-02
-1.563810783901035950e-01
-1.448584354457981282e-01
-3.865585930667017611e-02
5.819087084014272493e-02
7.025999555593336054e-02
1.879906150519375374e-02
-2.352216360356607083e-02
-2.019600060578438661e-02
8.081274317997889575e-03
3.219410298909379520e-02
4.998894976061579731e-02
6.858998200202554019e-02
8.020774590633146517e-02
7.309684418477151169e-02
4.710684438641456195e-02
1.880301388121577433e-03
-6.673239011892229122e-02
-1.399109052508739071e-01
-1.716993619969766349e-01
-1.331119736837881873e-01
-4.588536159440122220e-02
3.747392393557620605e-02
7.885963657948025229e-02
7.909761149194270702e-02
6.369133482909367094e-02
4.832617946215071736e-02
2.627451514388655721e-02
-9.629320870670393662e-03
-4.928192498613175043e-02
-7.236566901499037752e-02
-5.277316070139267956e-02
3.342137332349015555e-02
1.624992443009873888e-01
2.357478317215670749e-01
1.597870272459215868e-01
-3.105109737345013166e-02
-1.859447692050660572e-01
-2.023100165359662528e-01
-1.301123451305522261e-01
-6.478733635442812666e-02
-5.035895118056410436e-03
9.344277944957260496e-02
1.841109113565976008e-01
1.631421841766559078e-01
1.994313164979516495e-02
-1.239508664381349656e-01
-1.401374628348490692e-01
-3.215063223905237355e-02
7.004880727650319994e-02
5.486685705557683979e-02
-5.572481524646673290e-02
-1.453608597592525864e-01
-1.305291029689079896e-01
-3.089814150175602958e-02
7.001967211087908871e-02
1.094584153083523748e-01
8.678498071582382845e-02
4.040116637729766064e-02
4.523130274616125185e-03
-1.093259693865668986e-02
-1.294333138860632483e-02
-1.033550703445056639e-02
-7.114891348057745743e-03
-4.191449387843344115e-03
-1.966256482635131073e-03
-6.806810196495496033e-04
-1.539571906610020992e-04
-1.236710921165214442e-05
5.945065145401983342e-06
3.017653865682818422e-06
7.831301991635471655e-07
1.407360783183071354e-07
1.892946735482986744e-08
1.969047416985605807e-09
1.611662608570841323e-10
1.048880389169749300e-11
5.465035987041896645e-13
2.290637302127173860e-14
7.750546835229123731e-16
2.122571075656677399e-17
4.714397937850162829e-19
8.505828851334762869e-21
1.248207000127197197e-22
1.491365075338642920e-24
1.452028914354411730e-26
1.152825184869820612e-28
7.467944271654787129e-31
3.949119013229184631e-33
1.705455364369187166e-35
6.016920520259672899e-38
1.734734042512805409e-40
4.088171332455549693e-43
7.876996704564491257e-46
1.241117492026667060e-48
1.599412574709451031e-51
1.686045556878144858e-54
1.454110965942000349e-57
1.026117410796889311e-60
5.925351656623912182e-64
2.800208258622043304e-67
1.083086471186883759e-70
3.428991762948077636e-74
8.886506934606862038e-78
